#        x     x_err         y     y_err           freq               flux           flux_err         major     major_err         minor     minor_err            PA        PA_err
#   arcsec    arcsec    arcsec    arcsec            GHz                mJy                mJy        arcsec        arcsec        arcsec        arcsec        degree        degree
    -9.427     0.000     5.900     0.000        234.740     -0.2479577E+01      0.5149150E+01         0.000         0.000         0.000         0.000         0.000         0.000
    -9.427     0.000     5.900     0.000        234.733      0.7702046E+00      0.5349206E+01         0.000         0.000         0.000         0.000         0.000         0.000
    -9.427     0.000     5.900     0.000        234.725      0.1197017E+02      0.5111241E+01         0.000         0.000         0.000         0.000         0.000         0.000
    -9.427     0.000     5.900     0.000        234.717     -0.7260821E+01      0.5118731E+01         0.000         0.000         0.000         0.000         0.000         0.000
    -9.427     0.000     5.900     0.000        234.709     -0.4068003E+01      0.5141426E+01         0.000         0.000         0.000         0.000         0.000         0.000
    -9.427     0.000     5.900     0.000        234.701      0.1824700E+01      0.5038418E+01         0.000         0.000         0.000         0.000         0.000         0.000
    -9.427     0.000     5.900     0.000        234.694      0.2871926E+01      0.5040293E+01         0.000         0.000         0.000         0.000         0.000         0.000
    -9.427     0.000     5.900     0.000        234.686     -0.2570293E+01      0.5105108E+01         0.000         0.000         0.000         0.000         0.000         0.000
    -9.427     0.000     5.900     0.000        234.678     -0.7903806E+01      0.5058474E+01         0.000         0.000         0.000         0.000         0.000         0.000
    -9.427     0.000     5.900     0.000        234.670     -0.2348894E+01      0.5025144E+01         0.000         0.000         0.000         0.000         0.000         0.000
    -9.427     0.000     5.900     0.000        234.662      0.5994804E+01      0.5052220E+01         0.000         0.000         0.000         0.000         0.000         0.000
    -9.427     0.000     5.900     0.000        234.655     -0.4696479E+01      0.5197839E+01         0.000         0.000         0.000         0.000         0.000         0.000
    -9.427     0.000     5.900     0.000        234.647      0.3684975E+01      0.5014949E+01         0.000         0.000         0.000         0.000         0.000         0.000
    -9.427     0.000     5.900     0.000        234.639     -0.6441267E+01      0.5031867E+01         0.000         0.000         0.000         0.000         0.000         0.000
    -9.427     0.000     5.900     0.000        234.631     -0.2416142E+01      0.5085271E+01         0.000         0.000         0.000         0.000         0.000         0.000
    -9.427     0.000     5.900     0.000        234.623      0.3197261E+01      0.4981901E+01         0.000         0.000         0.000         0.000         0.000         0.000
    -9.427     0.000     5.900     0.000        234.616      0.3141522E+01      0.5213776E+01         0.000         0.000         0.000         0.000         0.000         0.000
    -9.427     0.000     5.900     0.000        234.608      0.1502484E+02      0.5055189E+01         0.000         0.000         0.000         0.000         0.000         0.000
    -9.427     0.000     5.900     0.000        234.600      0.2600107E+01      0.5015040E+01         0.000         0.000         0.000         0.000         0.000         0.000
    -9.427     0.000     5.900     0.000        234.592     -0.1175978E+02      0.5037709E+01         0.000         0.000         0.000         0.000         0.000         0.000
    -9.427     0.000     5.900     0.000        234.584      0.1355684E+01      0.5128859E+01         0.000         0.000         0.000         0.000         0.000         0.000
    -9.427     0.000     5.900     0.000        234.577     -0.1127293E+02      0.4938820E+01         0.000         0.000         0.000         0.000         0.000         0.000
    -9.427     0.000     5.900     0.000        234.569     -0.1332699E+01      0.5092489E+01         0.000         0.000         0.000         0.000         0.000         0.000
    -9.427     0.000     5.900     0.000        234.561      0.4392968E+00      0.5156686E+01         0.000         0.000         0.000         0.000         0.000         0.000
    -9.427     0.000     5.900     0.000        234.553     -0.6142454E+00      0.4920766E+01         0.000         0.000         0.000         0.000         0.000         0.000
    -9.427     0.000     5.900     0.000        234.545     -0.1594653E+01      0.4992589E+01         0.000         0.000         0.000         0.000         0.000         0.000
    -9.427     0.000     5.900     0.000        234.538     -0.4835798E+01      0.5149695E+01         0.000         0.000         0.000         0.000         0.000         0.000
    -9.427     0.000     5.900     0.000        234.530      0.2112000E+01      0.5031713E+01         0.000         0.000         0.000         0.000         0.000         0.000
    -9.427     0.000     5.900     0.000        234.522      0.2986697E+01      0.4949402E+01         0.000         0.000         0.000         0.000         0.000         0.000
    -9.427     0.000     5.900     0.000        234.514      0.8148853E+01      0.4905651E+01         0.000         0.000         0.000         0.000         0.000         0.000
    -9.427     0.000     5.900     0.000        234.506      0.4828604E+01      0.4980641E+01         0.000         0.000         0.000         0.000         0.000         0.000
    -9.427     0.000     5.900     0.000        234.498     -0.4615514E+01      0.4863812E+01         0.000         0.000         0.000         0.000         0.000         0.000
    -9.427     0.000     5.900     0.000        234.491      0.4401443E+01      0.4945455E+01         0.000         0.000         0.000         0.000         0.000         0.000
    -9.427     0.000     5.900     0.000        234.483      0.5054913E+01      0.4861066E+01         0.000         0.000         0.000         0.000         0.000         0.000
    -9.427     0.000     5.900     0.000        234.475      0.2670609E+01      0.4968530E+01         0.000         0.000         0.000         0.000         0.000         0.000
    -9.427     0.000     5.900     0.000        234.467     -0.2401623E+01      0.4862809E+01         0.000         0.000         0.000         0.000         0.000         0.000
    -9.427     0.000     5.900     0.000        234.459      0.1482221E+01      0.4899340E+01         0.000         0.000         0.000         0.000         0.000         0.000
    -9.427     0.000     5.900     0.000        234.452      0.2560096E+01      0.4881740E+01         0.000         0.000         0.000         0.000         0.000         0.000
    -9.427     0.000     5.900     0.000        234.444      0.1342378E+01      0.4898077E+01         0.000         0.000         0.000         0.000         0.000         0.000
    -9.427     0.000     5.900     0.000        234.436     -0.9495091E+01      0.5061970E+01         0.000         0.000         0.000         0.000         0.000         0.000
    -9.427     0.000     5.900     0.000        234.428      0.5514530E+01      0.5017709E+01         0.000         0.000         0.000         0.000         0.000         0.000
    -9.427     0.000     5.900     0.000        234.420      0.2456781E+01      0.4906875E+01         0.000         0.000         0.000         0.000         0.000         0.000
    -9.427     0.000     5.900     0.000        234.413      0.3007244E+01      0.5006973E+01         0.000         0.000         0.000         0.000         0.000         0.000
    -9.427     0.000     5.900     0.000        234.405      0.8165188E+01      0.4946452E+01         0.000         0.000         0.000         0.000         0.000         0.000
    -9.427     0.000     5.900     0.000        234.397     -0.4286112E+01      0.4960204E+01         0.000         0.000         0.000         0.000         0.000         0.000
    -9.427     0.000     5.900     0.000        234.389     -0.6636468E+01      0.5010620E+01         0.000         0.000         0.000         0.000         0.000         0.000
    -9.427     0.000     5.900     0.000        234.381     -0.1257628E+01      0.5038403E+01         0.000         0.000         0.000         0.000         0.000         0.000
    -9.427     0.000     5.900     0.000        234.374     -0.3341561E+01      0.5022090E+01         0.000         0.000         0.000         0.000         0.000         0.000
    -9.427     0.000     5.900     0.000        234.366      0.8373918E+01      0.4993120E+01         0.000         0.000         0.000         0.000         0.000         0.000
    -9.427     0.000     5.900     0.000        234.358     -0.1292913E+01      0.5111134E+01         0.000         0.000         0.000         0.000         0.000         0.000
    -9.427     0.000     5.900     0.000        234.350      0.4535781E+01      0.5024345E+01         0.000         0.000         0.000         0.000         0.000         0.000
    -9.427     0.000     5.900     0.000        234.342     -0.8051564E+00      0.4998455E+01         0.000         0.000         0.000         0.000         0.000         0.000
    -9.427     0.000     5.900     0.000        234.335      0.5807047E+00      0.4931153E+01         0.000         0.000         0.000         0.000         0.000         0.000
    -9.427     0.000     5.900     0.000        234.327     -0.3664508E+00      0.5013494E+01         0.000         0.000         0.000         0.000         0.000         0.000
    -9.427     0.000     5.900     0.000        234.319      0.3047650E+01      0.4967391E+01         0.000         0.000         0.000         0.000         0.000         0.000
    -9.427     0.000     5.900     0.000        234.311     -0.1023007E+01      0.5124677E+01         0.000         0.000         0.000         0.000         0.000         0.000
    -9.427     0.000     5.900     0.000        234.303     -0.2738742E+00      0.4984748E+01         0.000         0.000         0.000         0.000         0.000         0.000
    -9.427     0.000     5.900     0.000        234.296     -0.1074982E+01      0.4926419E+01         0.000         0.000         0.000         0.000         0.000         0.000
    -9.427     0.000     5.900     0.000        234.288     -0.2902699E+01      0.4954793E+01         0.000         0.000         0.000         0.000         0.000         0.000
    -9.427     0.000     5.900     0.000        234.280      0.4147020E+01      0.5025536E+01         0.000         0.000         0.000         0.000         0.000         0.000
    -9.427     0.000     5.900     0.000        234.272      0.2805592E+01      0.4903018E+01         0.000         0.000         0.000         0.000         0.000         0.000
    -9.427     0.000     5.900     0.000        234.264     -0.5474035E+00      0.4935043E+01         0.000         0.000         0.000         0.000         0.000         0.000
    -9.427     0.000     5.900     0.000        234.257     -0.8242058E+01      0.4868558E+01         0.000         0.000         0.000         0.000         0.000         0.000
    -9.427     0.000     5.900     0.000        234.249      0.9646652E+00      0.4841691E+01         0.000         0.000         0.000         0.000         0.000         0.000
    -9.427     0.000     5.900     0.000        234.241     -0.7056808E-01      0.4948222E+01         0.000         0.000         0.000         0.000         0.000         0.000
    -9.427     0.000     5.900     0.000        234.233     -0.5321104E+01      0.4817945E+01         0.000         0.000         0.000         0.000         0.000         0.000
    -9.427     0.000     5.900     0.000        234.225     -0.3077057E+01      0.4835756E+01         0.000         0.000         0.000         0.000         0.000         0.000
    -9.427     0.000     5.900     0.000        234.218     -0.1025074E+01      0.4767405E+01         0.000         0.000         0.000         0.000         0.000         0.000
    -9.427     0.000     5.900     0.000        234.210      0.8590653E+01      0.4713698E+01         0.000         0.000         0.000         0.000         0.000         0.000
    -9.427     0.000     5.900     0.000        234.202     -0.8060955E+00      0.4801518E+01         0.000         0.000         0.000         0.000         0.000         0.000
    -9.427     0.000     5.900     0.000        234.194     -0.4067677E+01      0.4761255E+01         0.000         0.000         0.000         0.000         0.000         0.000
    -9.427     0.000     5.900     0.000        234.186      0.4197139E+01      0.4838437E+01         0.000         0.000         0.000         0.000         0.000         0.000
    -9.427     0.000     5.900     0.000        234.179      0.6389480E+00      0.4745152E+01         0.000         0.000         0.000         0.000         0.000         0.000
    -9.427     0.000     5.900     0.000        234.171     -0.1479449E+01      0.4739596E+01         0.000         0.000         0.000         0.000         0.000         0.000
    -9.427     0.000     5.900     0.000        234.163      0.4395597E+01      0.4655431E+01         0.000         0.000         0.000         0.000         0.000         0.000
    -9.427     0.000     5.900     0.000        234.155      0.6807390E+01      0.4726877E+01         0.000         0.000         0.000         0.000         0.000         0.000
    -9.427     0.000     5.900     0.000        234.147      0.2590813E+01      0.4780903E+01         0.000         0.000         0.000         0.000         0.000         0.000
    -9.427     0.000     5.900     0.000        234.139     -0.9417263E+00      0.4774424E+01         0.000         0.000         0.000         0.000         0.000         0.000
    -9.427     0.000     5.900     0.000        234.132     -0.3662433E+01      0.4786824E+01         0.000         0.000         0.000         0.000         0.000         0.000
    -9.427     0.000     5.900     0.000        234.124     -0.7205093E+01      0.4651741E+01         0.000         0.000         0.000         0.000         0.000         0.000
    -9.427     0.000     5.900     0.000        234.116     -0.3276544E+01      0.4713365E+01         0.000         0.000         0.000         0.000         0.000         0.000
    -9.427     0.000     5.900     0.000        234.108      0.1684575E+01      0.4627176E+01         0.000         0.000         0.000         0.000         0.000         0.000
    -9.427     0.000     5.900     0.000        234.100     -0.3550447E+00      0.4598475E+01         0.000         0.000         0.000         0.000         0.000         0.000
    -9.427     0.000     5.900     0.000        234.093      0.2666937E+01      0.4751943E+01         0.000         0.000         0.000         0.000         0.000         0.000
    -9.427     0.000     5.900     0.000        234.085      0.2738765E+01      0.4741536E+01         0.000         0.000         0.000         0.000         0.000         0.000
    -9.427     0.000     5.900     0.000        234.077      0.3289970E+01      0.4738767E+01         0.000         0.000         0.000         0.000         0.000         0.000
    -9.427     0.000     5.900     0.000        234.069      0.9447294E+00      0.4778484E+01         0.000         0.000         0.000         0.000         0.000         0.000
    -9.427     0.000     5.900     0.000        234.061      0.1038729E+01      0.4753322E+01         0.000         0.000         0.000         0.000         0.000         0.000
    -9.427     0.000     5.900     0.000        234.054      0.1989817E+01      0.4798918E+01         0.000         0.000         0.000         0.000         0.000         0.000
    -9.427     0.000     5.900     0.000        234.046     -0.7811346E+01      0.4715024E+01         0.000         0.000         0.000         0.000         0.000         0.000
    -9.427     0.000     5.900     0.000        234.038     -0.2669681E+01      0.4682286E+01         0.000         0.000         0.000         0.000         0.000         0.000
    -9.427     0.000     5.900     0.000        234.030     -0.8234370E+00      0.4598167E+01         0.000         0.000         0.000         0.000         0.000         0.000
    -9.427     0.000     5.900     0.000        234.022      0.4329171E+01      0.4757919E+01         0.000         0.000         0.000         0.000         0.000         0.000
    -9.427     0.000     5.900     0.000        234.015     -0.5949610E+00      0.4831392E+01         0.000         0.000         0.000         0.000         0.000         0.000
    -9.427     0.000     5.900     0.000        234.007     -0.3331805E+01      0.4852289E+01         0.000         0.000         0.000         0.000         0.000         0.000
    -9.427     0.000     5.900     0.000        233.999      0.5955498E+01      0.4923124E+01         0.000         0.000         0.000         0.000         0.000         0.000
    -9.427     0.000     5.900     0.000        233.991     -0.4791078E+01      0.4952978E+01         0.000         0.000         0.000         0.000         0.000         0.000
    -9.427     0.000     5.900     0.000        233.983     -0.3989756E+01      0.4952817E+01         0.000         0.000         0.000         0.000         0.000         0.000
    -9.427     0.000     5.900     0.000        233.976      0.3920795E+01      0.5046704E+01         0.000         0.000         0.000         0.000         0.000         0.000
    -9.427     0.000     5.900     0.000        233.968     -0.2982488E+01      0.4934033E+01         0.000         0.000         0.000         0.000         0.000         0.000
    -9.427     0.000     5.900     0.000        233.960     -0.1854226E+01      0.5158931E+01         0.000         0.000         0.000         0.000         0.000         0.000
    -9.427     0.000     5.900     0.000        233.952      0.8912971E+00      0.5023813E+01         0.000         0.000         0.000         0.000         0.000         0.000
    -9.427     0.000     5.900     0.000        233.944      0.5695350E+01      0.4907547E+01         0.000         0.000         0.000         0.000         0.000         0.000
    -9.427     0.000     5.900     0.000        233.937      0.6098895E+01      0.5037943E+01         0.000         0.000         0.000         0.000         0.000         0.000
    -9.427     0.000     5.900     0.000        233.929     -0.2463458E+01      0.5573988E+01         0.000         0.000         0.000         0.000         0.000         0.000
    -9.427     0.000     5.900     0.000        233.921      0.3221317E+00      0.5049216E+01         0.000         0.000         0.000         0.000         0.000         0.000
    -9.427     0.000     5.900     0.000        233.913     -0.3023774E+01      0.5055794E+01         0.000         0.000         0.000         0.000         0.000         0.000
    -9.427     0.000     5.900     0.000        233.905      0.7226105E+01      0.4917532E+01         0.000         0.000         0.000         0.000         0.000         0.000
    -9.427     0.000     5.900     0.000        233.898     -0.5502115E+01      0.4969763E+01         0.000         0.000         0.000         0.000         0.000         0.000
    -9.427     0.000     5.900     0.000        233.890     -0.1363297E+01      0.4850219E+01         0.000         0.000         0.000         0.000         0.000         0.000
    -9.427     0.000     5.900     0.000        233.882     -0.1291089E+02      0.4981960E+01         0.000         0.000         0.000         0.000         0.000         0.000
    -9.427     0.000     5.900     0.000        233.874     -0.1553380E+01      0.4981676E+01         0.000         0.000         0.000         0.000         0.000         0.000
    -9.427     0.000     5.900     0.000        233.866     -0.2317728E+01      0.4888673E+01         0.000         0.000         0.000         0.000         0.000         0.000
    -9.427     0.000     5.900     0.000        233.859     -0.1765761E+01      0.4855969E+01         0.000         0.000         0.000         0.000         0.000         0.000
    -9.427     0.000     5.900     0.000        233.851     -0.2436164E+01      0.4851415E+01         0.000         0.000         0.000         0.000         0.000         0.000
    -9.427     0.000     5.900     0.000        233.843      0.6739757E+01      0.4884671E+01         0.000         0.000         0.000         0.000         0.000         0.000
    -9.427     0.000     5.900     0.000        233.835     -0.2419377E+01      0.4815290E+01         0.000         0.000         0.000         0.000         0.000         0.000
    -9.427     0.000     5.900     0.000        233.827     -0.3374155E+00      0.4776649E+01         0.000         0.000         0.000         0.000         0.000         0.000
    -9.427     0.000     5.900     0.000        233.820      0.4303078E+00      0.4722925E+01         0.000         0.000         0.000         0.000         0.000         0.000
    -9.427     0.000     5.900     0.000        233.812     -0.4572146E+01      0.4878168E+01         0.000         0.000         0.000         0.000         0.000         0.000
    -9.427     0.000     5.900     0.000        233.804     -0.2190328E+01      0.4752822E+01         0.000         0.000         0.000         0.000         0.000         0.000
    -9.427     0.000     5.900     0.000        233.796      0.1071263E+01      0.4788214E+01         0.000         0.000         0.000         0.000         0.000         0.000
    -9.427     0.000     5.900     0.000        233.788      0.3599836E+01      0.4785293E+01         0.000         0.000         0.000         0.000         0.000         0.000
    -9.427     0.000     5.900     0.000        233.781      0.4028181E+00      0.4703022E+01         0.000         0.000         0.000         0.000         0.000         0.000
    -9.427     0.000     5.900     0.000        233.773     -0.2402469E+01      0.4778611E+01         0.000         0.000         0.000         0.000         0.000         0.000
    -9.427     0.000     5.900     0.000        233.765     -0.9048632E+01      0.4849902E+01         0.000         0.000         0.000         0.000         0.000         0.000
    -9.427     0.000     5.900     0.000        233.757      0.5270665E+01      0.4726811E+01         0.000         0.000         0.000         0.000         0.000         0.000
    -9.427     0.000     5.900     0.000        233.749     -0.8394409E+01      0.4733143E+01         0.000         0.000         0.000         0.000         0.000         0.000
    -9.427     0.000     5.900     0.000        233.741     -0.5847480E+01      0.4871809E+01         0.000         0.000         0.000         0.000         0.000         0.000
    -9.427     0.000     5.900     0.000        233.734     -0.3191491E+00      0.4812921E+01         0.000         0.000         0.000         0.000         0.000         0.000
    -9.427     0.000     5.900     0.000        233.726     -0.6323569E+00      0.4753201E+01         0.000         0.000         0.000         0.000         0.000         0.000
    -9.427     0.000     5.900     0.000        233.718      0.7971511E+00      0.4699422E+01         0.000         0.000         0.000         0.000         0.000         0.000
    -9.427     0.000     5.900     0.000        233.710     -0.1047247E+02      0.4768430E+01         0.000         0.000         0.000         0.000         0.000         0.000
    -9.427     0.000     5.900     0.000        233.702     -0.5987818E+01      0.4674091E+01         0.000         0.000         0.000         0.000         0.000         0.000
    -9.427     0.000     5.900     0.000        233.695      0.1545531E+01      0.4742212E+01         0.000         0.000         0.000         0.000         0.000         0.000
    -9.427     0.000     5.900     0.000        233.687      0.7004562E+01      0.4785679E+01         0.000         0.000         0.000         0.000         0.000         0.000
    -9.427     0.000     5.900     0.000        233.679      0.2314758E+01      0.4565412E+01         0.000         0.000         0.000         0.000         0.000         0.000
    -9.427     0.000     5.900     0.000        233.671      0.7228937E+00      0.4595336E+01         0.000         0.000         0.000         0.000         0.000         0.000
    -9.427     0.000     5.900     0.000        233.663     -0.1218494E+01      0.4767140E+01         0.000         0.000         0.000         0.000         0.000         0.000
    -9.427     0.000     5.900     0.000        233.656     -0.2209193E+01      0.4633495E+01         0.000         0.000         0.000         0.000         0.000         0.000
    -9.427     0.000     5.900     0.000        233.648     -0.8108082E+00      0.4520777E+01         0.000         0.000         0.000         0.000         0.000         0.000
    -9.427     0.000     5.900     0.000        233.640     -0.1064259E+01      0.4604376E+01         0.000         0.000         0.000         0.000         0.000         0.000
    -9.427     0.000     5.900     0.000        233.632      0.2216804E+01      0.4673913E+01         0.000         0.000         0.000         0.000         0.000         0.000
    -9.427     0.000     5.900     0.000        233.624     -0.2104325E+01      0.4637470E+01         0.000         0.000         0.000         0.000         0.000         0.000
    -9.427     0.000     5.900     0.000        233.617     -0.8773293E+01      0.4622041E+01         0.000         0.000         0.000         0.000         0.000         0.000
    -9.427     0.000     5.900     0.000        233.609      0.1913348E+01      0.4672601E+01         0.000         0.000         0.000         0.000         0.000         0.000
    -9.427     0.000     5.900     0.000        233.601      0.4365475E+01      0.4495450E+01         0.000         0.000         0.000         0.000         0.000         0.000
    -9.427     0.000     5.900     0.000        233.593     -0.5354028E+00      0.4685674E+01         0.000         0.000         0.000         0.000         0.000         0.000
    -9.427     0.000     5.900     0.000        233.585     -0.4045485E+00      0.4608545E+01         0.000         0.000         0.000         0.000         0.000         0.000
    -9.427     0.000     5.900     0.000        233.578     -0.1118624E+02      0.4582550E+01         0.000         0.000         0.000         0.000         0.000         0.000
    -9.427     0.000     5.900     0.000        233.570     -0.3829156E+01      0.4641460E+01         0.000         0.000         0.000         0.000         0.000         0.000
    -9.427     0.000     5.900     0.000        233.562     -0.3083918E+01      0.4689754E+01         0.000         0.000         0.000         0.000         0.000         0.000
    -9.427     0.000     5.900     0.000        233.554      0.1422468E+01      0.4444005E+01         0.000         0.000         0.000         0.000         0.000         0.000
    -9.427     0.000     5.900     0.000        233.546     -0.9169728E+01      0.4655118E+01         0.000         0.000         0.000         0.000         0.000         0.000
    -9.427     0.000     5.900     0.000        233.539      0.1935377E+01      0.4728566E+01         0.000         0.000         0.000         0.000         0.000         0.000
    -9.427     0.000     5.900     0.000        233.531      0.2374295E+01      0.4633205E+01         0.000         0.000         0.000         0.000         0.000         0.000
    -9.427     0.000     5.900     0.000        233.523      0.5307759E+01      0.4652791E+01         0.000         0.000         0.000         0.000         0.000         0.000
    -9.427     0.000     5.900     0.000        233.515      0.9467987E+00      0.4759174E+01         0.000         0.000         0.000         0.000         0.000         0.000
    -9.427     0.000     5.900     0.000        233.507     -0.4529737E+01      0.4863551E+01         0.000         0.000         0.000         0.000         0.000         0.000
    -9.427     0.000     5.900     0.000        233.500     -0.2967358E+01      0.4757383E+01         0.000         0.000         0.000         0.000         0.000         0.000
    -9.427     0.000     5.900     0.000        233.492     -0.2064749E+01      0.4813482E+01         0.000         0.000         0.000         0.000         0.000         0.000
    -9.427     0.000     5.900     0.000        233.484     -0.7989230E+00      0.4692099E+01         0.000         0.000         0.000         0.000         0.000         0.000
    -9.427     0.000     5.900     0.000        233.476      0.3625257E+01      0.4774187E+01         0.000         0.000         0.000         0.000         0.000         0.000
    -9.427     0.000     5.900     0.000        233.468      0.8550629E+01      0.4780943E+01         0.000         0.000         0.000         0.000         0.000         0.000
    -9.427     0.000     5.900     0.000        233.461      0.5261726E-01      0.4674305E+01         0.000         0.000         0.000         0.000         0.000         0.000
    -9.427     0.000     5.900     0.000        233.453      0.4251517E+00      0.4632524E+01         0.000         0.000         0.000         0.000         0.000         0.000
    -9.427     0.000     5.900     0.000        233.445     -0.6777472E+01      0.4748860E+01         0.000         0.000         0.000         0.000         0.000         0.000
    -9.427     0.000     5.900     0.000        233.437     -0.1888595E+00      0.4812217E+01         0.000         0.000         0.000         0.000         0.000         0.000
    -9.427     0.000     5.900     0.000        233.429      0.6037750E+01      0.4738392E+01         0.000         0.000         0.000         0.000         0.000         0.000
    -9.427     0.000     5.900     0.000        233.422      0.5694636E+01      0.4735535E+01         0.000         0.000         0.000         0.000         0.000         0.000
    -9.427     0.000     5.900     0.000        233.414      0.1820812E+01      0.4613284E+01         0.000         0.000         0.000         0.000         0.000         0.000
    -9.427     0.000     5.900     0.000        233.406      0.1790257E+00      0.4611718E+01         0.000         0.000         0.000         0.000         0.000         0.000
    -9.427     0.000     5.900     0.000        233.398     -0.4415826E+01      0.4788648E+01         0.000         0.000         0.000         0.000         0.000         0.000
    -9.427     0.000     5.900     0.000        233.390     -0.4200725E+01      0.4637285E+01         0.000         0.000         0.000         0.000         0.000         0.000
    -9.427     0.000     5.900     0.000        233.383     -0.1443297E+02      0.4730931E+01         0.000         0.000         0.000         0.000         0.000         0.000
    -9.427     0.000     5.900     0.000        233.375      0.5701160E+00      0.4829300E+01         0.000         0.000         0.000         0.000         0.000         0.000
    -9.427     0.000     5.900     0.000        233.367      0.1673796E+01      0.4825101E+01         0.000         0.000         0.000         0.000         0.000         0.000
    -9.427     0.000     5.900     0.000        233.359     -0.5300178E+00      0.4715696E+01         0.000         0.000         0.000         0.000         0.000         0.000
    -9.427     0.000     5.900     0.000        233.351     -0.7289068E+01      0.4688030E+01         0.000         0.000         0.000         0.000         0.000         0.000
    -9.427     0.000     5.900     0.000        233.343     -0.8023760E+01      0.4798882E+01         0.000         0.000         0.000         0.000         0.000         0.000
    -9.427     0.000     5.900     0.000        233.336     -0.5650134E+01      0.4797199E+01         0.000         0.000         0.000         0.000         0.000         0.000
    -9.427     0.000     5.900     0.000        233.328     -0.7109637E+01      0.4883292E+01         0.000         0.000         0.000         0.000         0.000         0.000
    -9.427     0.000     5.900     0.000        233.320     -0.1827333E+00      0.4833634E+01         0.000         0.000         0.000         0.000         0.000         0.000
    -9.427     0.000     5.900     0.000        233.312      0.7452247E+01      0.4741845E+01         0.000         0.000         0.000         0.000         0.000         0.000
    -9.427     0.000     5.900     0.000        233.304      0.5117814E+01      0.4838911E+01         0.000         0.000         0.000         0.000         0.000         0.000
    -9.427     0.000     5.900     0.000        233.297     -0.8127505E+01      0.4863892E+01         0.000         0.000         0.000         0.000         0.000         0.000
    -9.427     0.000     5.900     0.000        233.289     -0.1942511E+01      0.4793125E+01         0.000         0.000         0.000         0.000         0.000         0.000
    -9.427     0.000     5.900     0.000        233.281      0.6817922E+01      0.4887144E+01         0.000         0.000         0.000         0.000         0.000         0.000
    -9.427     0.000     5.900     0.000        233.273      0.2296385E+01      0.4936563E+01         0.000         0.000         0.000         0.000         0.000         0.000
    -9.427     0.000     5.900     0.000        233.265      0.1999163E+01      0.4891562E+01         0.000         0.000         0.000         0.000         0.000         0.000
    -9.427     0.000     5.900     0.000        233.258      0.8353560E+01      0.4818870E+01         0.000         0.000         0.000         0.000         0.000         0.000
    -9.427     0.000     5.900     0.000        233.250     -0.1166850E+02      0.4985710E+01         0.000         0.000         0.000         0.000         0.000         0.000
    -9.427     0.000     5.900     0.000        233.242     -0.3152404E+01      0.5001171E+01         0.000         0.000         0.000         0.000         0.000         0.000
    -9.427     0.000     5.900     0.000        233.234     -0.7757728E+00      0.5000810E+01         0.000         0.000         0.000         0.000         0.000         0.000
    -9.427     0.000     5.900     0.000        233.226      0.1709047E+01      0.5035811E+01         0.000         0.000         0.000         0.000         0.000         0.000
    -9.427     0.000     5.900     0.000        233.219      0.5509583E+01      0.5053223E+01         0.000         0.000         0.000         0.000         0.000         0.000
    -9.427     0.000     5.900     0.000        233.211      0.2758561E+01      0.5004601E+01         0.000         0.000         0.000         0.000         0.000         0.000
    -9.427     0.000     5.900     0.000        233.203     -0.1074765E+02      0.5007412E+01         0.000         0.000         0.000         0.000         0.000         0.000
    -9.427     0.000     5.900     0.000        233.195     -0.1177848E+01      0.4982298E+01         0.000         0.000         0.000         0.000         0.000         0.000
    -9.427     0.000     5.900     0.000        233.187     -0.5295306E+01      0.5069900E+01         0.000         0.000         0.000         0.000         0.000         0.000
 
