#          freq               flux              error       SNR
#           GHz                mJy                mJy          
        234.740     -0.5017579E+01      0.4897616E+01      0.00
        234.733      0.1393809E+01      0.5087725E+01      0.01
        234.725      0.2473391E+01      0.4861227E+01      0.01
        234.717      0.1949069E+01      0.4868185E+01      0.01
        234.709     -0.1412379E+01      0.4889602E+01      0.00
        234.701     -0.6168346E-01      0.4791478E+01      0.00
        234.694     -0.1523429E+01      0.4793098E+01      0.00
        234.686      0.4415424E+00      0.4854570E+01      0.00
        234.678      0.2960357E+01      0.4810062E+01      0.01
        234.670     -0.9334530E+01      0.4778208E+01      0.00
        234.662     -0.4711267E+01      0.4803792E+01      0.00
        234.655     -0.8966251E+01      0.4942084E+01      0.00
        234.647      0.1585000E+01      0.4768032E+01      0.01
        234.639      0.5043194E+00      0.4783957E+01      0.00
        234.631      0.4682687E+01      0.4834568E+01      0.02
        234.623     -0.2337663E+01      0.4736135E+01      0.00
        234.616      0.6807788E+01      0.4956407E+01      0.03
        234.608     -0.7850552E+01      0.4805488E+01      0.00
        234.600     -0.7486657E+01      0.4767163E+01      0.00
        234.592     -0.7026439E+01      0.4788552E+01      0.00
        234.584     -0.2990354E+01      0.4875032E+01      0.00
        234.577     -0.3186343E+01      0.4694243E+01      0.00
        234.569     -0.7307738E+01      0.4840142E+01      0.00
        234.561      0.3243189E+01      0.4900996E+01      0.01
        234.553      0.3475829E+01      0.4676619E+01      0.01
        234.545     -0.3058172E+01      0.4744721E+01      0.00
        234.538     -0.5471343E+01      0.4893867E+01      0.00
        234.530     -0.7949633E+01      0.4781589E+01      0.00
        234.522     -0.1351145E+01      0.4703215E+01      0.00
        234.514      0.2305853E+01      0.4661488E+01      0.01
        234.506      0.2098051E+00      0.4732591E+01      0.00
        234.498      0.1822801E+01      0.4621429E+01      0.01
        234.491     -0.7002438E+00      0.4698851E+01      0.00
        234.483      0.2133005E+01      0.4618519E+01      0.01
        234.475      0.7827153E+01      0.4720468E+01      0.03
        234.467      0.3199998E+00      0.4619875E+01      0.00
        234.459      0.4489148E+01      0.4654430E+01      0.02
        234.452      0.1184774E+02      0.4637560E+01      0.05
        234.444     -0.7807703E+01      0.4652930E+01      0.00
        234.436      0.5005234E+00      0.4808465E+01      0.00
        234.428      0.6226288E+01      0.4766267E+01      0.03
        234.420     -0.1153637E+01      0.4660837E+01      0.00
        234.413      0.4130263E+01      0.4755764E+01      0.02
        234.405     -0.1123213E+01      0.4698128E+01      0.00
        234.397     -0.6325012E+01      0.4711039E+01      0.00
        234.389      0.2036440E+01      0.4758770E+01      0.01
        234.381     -0.1805248E+01      0.4785004E+01      0.00
        234.374     -0.3705862E+01      0.4769360E+01      0.00
        234.366     -0.7159235E+01      0.4741697E+01      0.00
        234.358     -0.8948845E+00      0.4853615E+01      0.00
        234.350      0.3572758E+01      0.4771048E+01      0.02
        234.342      0.2859409E+01      0.4746312E+01      0.01
        234.335      0.7357601E+01      0.4682258E+01      0.03
        234.327      0.5250363E+01      0.4760293E+01      0.02
        234.319     -0.2617117E+01      0.4716369E+01      0.00
        234.311      0.3385396E+01      0.4865555E+01      0.01
        234.303      0.5109107E+00      0.4732553E+01      0.00
        234.296      0.7586944E+01      0.4677028E+01      0.03
        234.288     -0.8607930E+01      0.4703819E+01      0.00
        234.280      0.8318417E+00      0.4770829E+01      0.00
        234.272      0.7774014E+00      0.4654377E+01      0.00
        234.264     -0.7246882E+01      0.4684631E+01      0.00
        234.257      0.2267853E+01      0.4621377E+01      0.01
        234.249      0.1245016E+01      0.4595731E+01      0.01
        234.241      0.2105751E+01      0.4696704E+01      0.01
        234.233     -0.2356610E+01      0.4572909E+01      0.00
        234.225      0.6259102E+01      0.4589672E+01      0.03
        234.218     -0.7473133E+00      0.4524660E+01      0.00
        234.210     -0.3841998E+01      0.4473550E+01      0.00
        234.202     -0.8575010E+01      0.4556756E+01      0.00
        234.194     -0.2193580E+00      0.4518407E+01      0.00
        234.186     -0.5472368E+01      0.4591512E+01      0.00
        234.179     -0.1312033E+01      0.4502851E+01      0.00
        234.171     -0.2778874E+01      0.4497441E+01      0.00
        234.163     -0.5818632E+01      0.4417441E+01      0.00
        234.155      0.2373592E+01      0.4485100E+01      0.01
        234.147      0.8207013E+00      0.4536225E+01      0.00
        234.139     -0.7799057E+00      0.4529941E+01      0.00
        234.132      0.1041315E+02      0.4541567E+01      0.04
        234.124     -0.5704140E+01      0.4413273E+01      0.00
        234.116      0.2847143E+00      0.4471603E+01      0.00
        234.108     -0.1622595E+01      0.4389703E+01      0.00
        234.100      0.5643597E+01      0.4362345E+01      0.02
        234.093     -0.1396195E+01      0.4507797E+01      0.00
        234.085     -0.1087855E+01      0.4497791E+01      0.00
        234.077      0.2079913E+01      0.4495030E+01      0.01
        234.069     -0.4403337E+01      0.4532569E+01      0.00
        234.061     -0.3096323E+01      0.4508567E+01      0.00
        234.054      0.2824290E+01      0.4551681E+01      0.01
        234.046      0.3864212E+01      0.4471977E+01      0.02
        234.038      0.3396811E+01      0.4440795E+01      0.01
        234.030      0.6130195E+01      0.4360887E+01      0.03
        234.022      0.3498794E+01      0.4512262E+01      0.01
        234.015      0.6200055E+01      0.4581807E+01      0.03
        234.007      0.1300742E+01      0.4601489E+01      0.01
        233.999     -0.2856976E+01      0.4668527E+01      0.00
        233.991     -0.7934029E+01      0.4696700E+01      0.00
        233.983     -0.2960395E+01      0.4696410E+01      0.00
        233.976     -0.1192648E+02      0.4785297E+01      0.00
        233.968     -0.1964053E+00      0.4678327E+01      0.00
        233.960      0.8251860E+01      0.4891427E+01      0.04
        233.952     -0.2952383E+01      0.4763178E+01      0.00
        233.944     -0.4715848E+00      0.4652808E+01      0.00
        233.937     -0.1060376E+02      0.4776299E+01      0.00
        233.929      0.5750473E-01      0.5284353E+01      0.00
        233.921     -0.2174974E+01      0.4786711E+01      0.00
        233.913      0.9451341E+01      0.4792810E+01      0.04
        233.905      0.1889370E+01      0.4661607E+01      0.01
        233.898      0.4859838E+01      0.4710985E+01      0.02
        233.890     -0.8953197E-01      0.4597535E+01      0.00
        233.882      0.4746129E+01      0.4722278E+01      0.02
        233.874      0.1832598E+01      0.4721875E+01      0.01
        233.866      0.7194249E+01      0.4633591E+01      0.03
        233.859      0.2272627E+01      0.4602463E+01      0.01
        233.851     -0.1553407E+01      0.4598017E+01      0.00
        233.843      0.7114959E+00      0.4629406E+01      0.00
        233.835      0.6957094E-01      0.4563522E+01      0.00
        233.827     -0.5881638E+01      0.4526775E+01      0.00
        233.820     -0.6201384E+01      0.4475736E+01      0.00
        233.812     -0.1096012E+02      0.4622725E+01      0.00
        233.804      0.6037645E+01      0.4503818E+01      0.03
        233.796     -0.1732890E+01      0.4537229E+01      0.00
        233.788      0.3874988E+01      0.4534336E+01      0.02
        233.781      0.4804983E+00      0.4456255E+01      0.00
        233.773     -0.3337115E+01      0.4527753E+01      0.00
        233.765      0.2902624E+01      0.4595175E+01      0.01
        233.757     -0.5489423E+01      0.4478426E+01      0.00
        233.749      0.1071694E+01      0.4484303E+01      0.00
        233.741     -0.5044743E+01      0.4615551E+01      0.00
        233.734      0.4065481E+00      0.4559636E+01      0.00
        233.726      0.1146116E+02      0.4502936E+01      0.05
        233.718      0.1228008E+01      0.4451868E+01      0.01
        233.710      0.2567422E+01      0.4517118E+01      0.01
        233.702     -0.3503517E+01      0.4427631E+01      0.00
        233.695     -0.1502570E+01      0.4492038E+01      0.00
        233.687      0.2102867E+01      0.4533090E+01      0.01
        233.679      0.1040080E+01      0.4324332E+01      0.00
        233.671      0.5446205E+01      0.4352560E+01      0.02
        233.663      0.7965138E+01      0.4515165E+01      0.03
        233.656      0.9047410E+01      0.4388467E+01      0.04
        233.648     -0.4231195E+01      0.4281595E+01      0.00
        233.640      0.5792554E+01      0.4360655E+01      0.02
        233.632     -0.5855903E+00      0.4426394E+01      0.00
        233.624     -0.4115514E+00      0.4391763E+01      0.00
        233.617     -0.3311809E+01      0.4377037E+01      0.00
        233.609     -0.3109596E+01      0.4424800E+01      0.00
        233.601     -0.3744485E+01      0.4256932E+01      0.00
        233.593      0.8305148E+00      0.4436946E+01      0.00
        233.585      0.2598218E+01      0.4363797E+01      0.01
        233.578      0.5619501E+01      0.4339068E+01      0.02
        233.570      0.6727821E-01      0.4394734E+01      0.00
        233.562      0.1094285E+01      0.4440345E+01      0.00
        233.554     -0.2767249E+01      0.4207556E+01      0.00
        233.546      0.4812717E+00      0.4407321E+01      0.00
        233.539     -0.2690972E+01      0.4476744E+01      0.00
        233.531      0.4150359E+01      0.4386349E+01      0.02
        233.523      0.6230361E+01      0.4404777E+01      0.03
        233.515      0.4028051E+01      0.4505374E+01      0.02
        233.507     -0.3912379E+00      0.4604067E+01      0.00
        233.500      0.1599554E+01      0.4503448E+01      0.01
        233.492      0.5813643E+00      0.4556437E+01      0.00
        233.484     -0.1040603E+01      0.4441422E+01      0.00
        233.476      0.2846923E+01      0.4519010E+01      0.01
        233.468     -0.5681816E+01      0.4525290E+01      0.00
        233.461      0.6515892E+00      0.4424243E+01      0.00
        233.453     -0.4832655E+01      0.4384587E+01      0.00
        233.445      0.2041613E+01      0.4494583E+01      0.01
        233.437     -0.3831037E+01      0.4554432E+01      0.00
        233.429      0.2907160E+00      0.4484450E+01      0.00
        233.422     -0.8626983E+01      0.4481635E+01      0.00
        233.414      0.5018436E+01      0.4365829E+01      0.02
        233.406     -0.3048359E+01      0.4364239E+01      0.00
        233.398      0.4098518E+00      0.4531562E+01      0.00
        233.390      0.4923359E+00      0.4388216E+01      0.00
        233.383     -0.6667495E+01      0.4476723E+01      0.00
        233.375     -0.2206683E+01      0.4569694E+01      0.00
        233.367      0.3353605E+01      0.4565607E+01      0.01
        233.359     -0.7699220E+00      0.4461977E+01      0.00
        233.351     -0.5771135E+01      0.4435691E+01      0.00
        233.343      0.2737855E+01      0.4540466E+01      0.01
        233.336      0.2326484E+01      0.4538764E+01      0.01
        233.328      0.6449102E+01      0.4620106E+01      0.03
        233.320      0.2972165E+01      0.4573014E+01      0.01
        233.312     -0.1464380E+01      0.4486065E+01      0.00
        233.304     -0.2757387E+00      0.4577785E+01      0.00
        233.297     -0.5117870E+00      0.4601308E+01      0.00
        233.289      0.6282553E+01      0.4534253E+01      0.03
        233.281     -0.1889898E+01      0.4623084E+01      0.00
        233.273     -0.4270200E+01      0.4669721E+01      0.00
        233.265      0.9556990E+01      0.4627042E+01      0.04
        233.258     -0.2708707E+01      0.4558174E+01      0.00
        233.250     -0.2310083E+01      0.4715877E+01      0.00
        233.242      0.6184345E+00      0.4730389E+01      0.00
        233.234     -0.9861818E+01      0.4729937E+01      0.00
        233.226     -0.3572554E+01      0.4762930E+01      0.00
        233.219     -0.4312118E+01      0.4779287E+01      0.00
        233.211      0.4805350E+01      0.4733191E+01      0.02
        233.203     -0.1301443E+00      0.4735738E+01      0.00
        233.195      0.6387162E+01      0.4711877E+01      0.03
        233.187      0.1285168E+01      0.4794614E+01      0.01
 
