#          x       x_err           y       y_err        freq           flux       flux_err       major   major_err       minor   minor_err          PA      PA_err             RA            Dec    velocity
#     arcsec      arcsec      arcsec      arcsec         GHz            mJy            mJy      arcsec      arcsec      arcsec      arcsec      degree      degree         degree         degree        km/s
      -2.000       0.000      -2.000       0.000     234.740   -1.04247E+01    5.96470E+00       1.000       0.000       0.000       0.000       0.000       0.000    150.0358276      2.3168044   -1000.000
      -2.000       0.000      -2.000       0.000     234.733   -2.49821E+00    6.19735E+00       1.000       0.000       0.000       0.000       0.000       0.000    150.0358276      2.3168044    -990.000
      -2.000       0.000      -2.000       0.000     234.725   -3.14666E+00    5.92724E+00       1.000       0.000       0.000       0.000       0.000       0.000    150.0358276      2.3168044    -980.000
      -2.000       0.000      -2.000       0.000     234.717   -1.14872E+01    5.92884E+00       1.000       0.000       0.000       0.000       0.000       0.000    150.0358276      2.3168044    -970.000
      -2.000       0.000      -2.000       0.000     234.709    6.57382E+00    5.95535E+00       1.000       0.000       0.000       0.000       0.000       0.000    150.0358276      2.3168044    -960.000
      -2.000       0.000      -2.000       0.000     234.701   -3.17530E+00    5.83536E+00       1.000       0.000       0.000       0.000       0.000       0.000    150.0358276      2.3168044    -950.000
      -2.000       0.000      -2.000       0.000     234.694   -7.48244E+00    5.83769E+00       1.000       0.000       0.000       0.000       0.000       0.000    150.0358276      2.3168044    -940.000
      -2.000       0.000      -2.000       0.000     234.686    1.14526E+01    5.90931E+00       1.000       0.000       0.000       0.000       0.000       0.000    150.0358276      2.3168044    -930.000
      -2.000       0.000      -2.000       0.000     234.678    8.83239E+00    5.85908E+00       1.000       0.000       0.000       0.000       0.000       0.000    150.0358276      2.3168044    -920.000
      -2.000       0.000      -2.000       0.000     234.670    1.10385E+01    5.82160E+00       1.000       0.000       0.000       0.000       0.000       0.000    150.0358276      2.3168044    -910.000
      -2.000       0.000      -2.000       0.000     234.662   -1.21464E+00    5.85387E+00       1.000       0.000       0.000       0.000       0.000       0.000    150.0358276      2.3168044    -900.000
      -2.000       0.000      -2.000       0.000     234.655    1.89965E+00    6.02556E+00       1.000       0.000       0.000       0.000       0.000       0.000    150.0358276      2.3168044    -890.000
      -2.000       0.000      -2.000       0.000     234.647    2.07110E-01    5.80766E+00       1.000       0.000       0.000       0.000       0.000       0.000    150.0358276      2.3168044    -880.000
      -2.000       0.000      -2.000       0.000     234.639   -5.93758E+00    5.82798E+00       1.000       0.000       0.000       0.000       0.000       0.000    150.0358276      2.3168044    -870.000
      -2.000       0.000      -2.000       0.000     234.631   -1.94917E-01    5.89009E+00       1.000       0.000       0.000       0.000       0.000       0.000    150.0358276      2.3168044    -860.000
      -2.000       0.000      -2.000       0.000     234.623    6.82309E+00    5.76851E+00       1.000       0.000       0.000       0.000       0.000       0.000    150.0358276      2.3168044    -850.000
      -2.000       0.000      -2.000       0.000     234.616    6.73147E+00    6.03791E+00       1.000       0.000       0.000       0.000       0.000       0.000    150.0358276      2.3168044    -840.000
      -2.000       0.000      -2.000       0.000     234.608   -9.43047E-01    5.86405E+00       1.000       0.000       0.000       0.000       0.000       0.000    150.0358276      2.3168044    -830.000
      -2.000       0.000      -2.000       0.000     234.600   -6.46815E+00    5.80858E+00       1.000       0.000       0.000       0.000       0.000       0.000    150.0358276      2.3168044    -820.000
      -2.000       0.000      -2.000       0.000     234.592    2.42792E-01    5.84222E+00       1.000       0.000       0.000       0.000       0.000       0.000    150.0358276      2.3168044    -810.000
      -2.000       0.000      -2.000       0.000     234.584    1.18741E+01    5.93430E+00       1.000       0.000       0.000       0.000       0.000       0.000    150.0358276      2.3168044    -800.000
      -2.000       0.000      -2.000       0.000     234.577    9.70005E-02    5.72408E+00       1.000       0.000       0.000       0.000       0.000       0.000    150.0358276      2.3168044    -790.000
      -2.000       0.000      -2.000       0.000     234.569   -2.31386E-01    5.89809E+00       1.000       0.000       0.000       0.000       0.000       0.000    150.0358276      2.3168044    -780.000
      -2.000       0.000      -2.000       0.000     234.561    1.19549E+01    5.96598E+00       1.000       0.000       0.000       0.000       0.000       0.000    150.0358276      2.3168044    -770.000
      -2.000       0.000      -2.000       0.000     234.553    1.89566E+00    5.69737E+00       1.000       0.000       0.000       0.000       0.000       0.000    150.0358276      2.3168044    -760.000
      -2.000       0.000      -2.000       0.000     234.545    7.34321E+00    5.77784E+00       1.000       0.000       0.000       0.000       0.000       0.000    150.0358276      2.3168044    -750.000
      -2.000       0.000      -2.000       0.000     234.538   -4.74758E+00    5.96344E+00       1.000       0.000       0.000       0.000       0.000       0.000    150.0358276      2.3168044    -740.000
      -2.000       0.000      -2.000       0.000     234.530   -1.50749E+00    5.82736E+00       1.000       0.000       0.000       0.000       0.000       0.000    150.0358276      2.3168044    -730.000
      -2.000       0.000      -2.000       0.000     234.522    1.06488E+01    5.72599E+00       1.000       0.000       0.000       0.000       0.000       0.000    150.0358276      2.3168044    -720.000
      -2.000       0.000      -2.000       0.000     234.514    9.72892E+00    5.67825E+00       1.000       0.000       0.000       0.000       0.000       0.000    150.0358276      2.3168044    -710.000
      -2.000       0.000      -2.000       0.000     234.506    6.12094E+00    5.76477E+00       1.000       0.000       0.000       0.000       0.000       0.000    150.0358276      2.3168044    -700.000
      -2.000       0.000      -2.000       0.000     234.498   -2.99170E+00    5.62979E+00       1.000       0.000       0.000       0.000       0.000       0.000    150.0358276      2.3168044    -690.000
      -2.000       0.000      -2.000       0.000     234.491    4.80180E+00    5.72432E+00       1.000       0.000       0.000       0.000       0.000       0.000    150.0358276      2.3168044    -680.000
      -2.000       0.000      -2.000       0.000     234.483   -5.69916E+00    5.62645E+00       1.000       0.000       0.000       0.000       0.000       0.000    150.0358276      2.3168044    -670.000
      -2.000       0.000      -2.000       0.000     234.475    1.40804E+01    5.74771E+00       1.000       0.000       0.000       0.000       0.000       0.000    150.0358276      2.3168044    -660.000
      -2.000       0.000      -2.000       0.000     234.467   -5.98954E+00    5.62657E+00       1.000       0.000       0.000       0.000       0.000       0.000    150.0358276      2.3168044    -650.000
      -2.000       0.000      -2.000       0.000     234.459    8.55485E+00    5.66829E+00       1.000       0.000       0.000       0.000       0.000       0.000    150.0358276      2.3168044    -640.000
      -2.000       0.000      -2.000       0.000     234.452   -3.97226E+00    5.65637E+00       1.000       0.000       0.000       0.000       0.000       0.000    150.0358276      2.3168044    -630.000
      -2.000       0.000      -2.000       0.000     234.444   -2.03142E+00    5.67090E+00       1.000       0.000       0.000       0.000       0.000       0.000    150.0358276      2.3168044    -620.000
      -2.000       0.000      -2.000       0.000     234.436   -3.07038E-01    5.86146E+00       1.000       0.000       0.000       0.000       0.000       0.000    150.0358276      2.3168044    -610.000
      -2.000       0.000      -2.000       0.000     234.428    2.11112E+00    5.80949E+00       1.000       0.000       0.000       0.000       0.000       0.000    150.0358276      2.3168044    -600.000
      -2.000       0.000      -2.000       0.000     234.420    7.58403E+00    5.67600E+00       1.000       0.000       0.000       0.000       0.000       0.000    150.0358276      2.3168044    -590.000
      -2.000       0.000      -2.000       0.000     234.413    6.70167E-01    5.79457E+00       1.000       0.000       0.000       0.000       0.000       0.000    150.0358276      2.3168044    -580.000
      -2.000       0.000      -2.000       0.000     234.405   -7.18580E+00    5.72390E+00       1.000       0.000       0.000       0.000       0.000       0.000    150.0358276      2.3168044    -570.000
      -2.000       0.000      -2.000       0.000     234.397    3.18437E+00    5.74197E+00       1.000       0.000       0.000       0.000       0.000       0.000    150.0358276      2.3168044    -560.000
      -2.000       0.000      -2.000       0.000     234.389   -8.39678E+00    5.79666E+00       1.000       0.000       0.000       0.000       0.000       0.000    150.0358276      2.3168044    -550.000
      -2.000       0.000      -2.000       0.000     234.381    1.92440E+01    5.81718E+00       1.000       0.000       0.000       0.000       0.000       0.000    150.0358276      2.3168044    -540.000
      -2.000       0.000      -2.000       0.000     234.374    6.86789E+00    5.81009E+00       1.000       0.000       0.000       0.000       0.000       0.000    150.0358276      2.3168044    -530.000
      -2.000       0.000      -2.000       0.000     234.366    3.71471E+00    5.78122E+00       1.000       0.000       0.000       0.000       0.000       0.000    150.0358276      2.3168044    -520.000
      -2.000       0.000      -2.000       0.000     234.358    1.52462E+01    5.90525E+00       1.000       0.000       0.000       0.000       0.000       0.000    150.0358276      2.3168044    -510.000
      -2.000       0.000      -2.000       0.000     234.350   -1.91288E-02    5.81281E+00       1.000       0.000       0.000       0.000       0.000       0.000    150.0358276      2.3168044    -500.000
      -2.000       0.000      -2.000       0.000     234.342   -4.39091E+00    5.78128E+00       1.000       0.000       0.000       0.000       0.000       0.000    150.0358276      2.3168044    -490.000
      -2.000       0.000      -2.000       0.000     234.335    5.17641E+00    5.70643E+00       1.000       0.000       0.000       0.000       0.000       0.000    150.0358276      2.3168044    -480.000
      -2.000       0.000      -2.000       0.000     234.327   -1.38120E+00    5.80067E+00       1.000       0.000       0.000       0.000       0.000       0.000    150.0358276      2.3168044    -470.000
      -2.000       0.000      -2.000       0.000     234.319   -5.09557E+00    5.74523E+00       1.000       0.000       0.000       0.000       0.000       0.000    150.0358276      2.3168044    -460.000
      -2.000       0.000      -2.000       0.000     234.311   -2.61543E+00    5.92755E+00       1.000       0.000       0.000       0.000       0.000       0.000    150.0358276      2.3168044    -450.000
      -2.000       0.000      -2.000       0.000     234.303   -1.24527E+00    5.76526E+00       1.000       0.000       0.000       0.000       0.000       0.000    150.0358276      2.3168044    -440.000
      -2.000       0.000      -2.000       0.000     234.296    2.91076E+00    5.70010E+00       1.000       0.000       0.000       0.000       0.000       0.000    150.0358276      2.3168044    -430.000
      -2.000       0.000      -2.000       0.000     234.288   -4.66581E+00    5.73345E+00       1.000       0.000       0.000       0.000       0.000       0.000    150.0358276      2.3168044    -420.000
      -2.000       0.000      -2.000       0.000     234.280    2.98052E+00    5.81208E+00       1.000       0.000       0.000       0.000       0.000       0.000    150.0358276      2.3168044    -410.000
      -2.000       0.000      -2.000       0.000     234.272   -7.09917E+00    5.66890E+00       1.000       0.000       0.000       0.000       0.000       0.000    150.0358276      2.3168044    -400.000
      -2.000       0.000      -2.000       0.000     234.264   -6.34685E+00    5.70861E+00       1.000       0.000       0.000       0.000       0.000       0.000    150.0358276      2.3168044    -390.000
      -2.000       0.000      -2.000       0.000     234.257   -1.70953E-01    5.63265E+00       1.000       0.000       0.000       0.000       0.000       0.000    150.0358276      2.3168044    -380.000
      -2.000       0.000      -2.000       0.000     234.249   -5.10956E+00    5.59781E+00       1.000       0.000       0.000       0.000       0.000       0.000    150.0358276      2.3168044    -370.000
      -2.000       0.000      -2.000       0.000     234.241    1.68795E+00    5.72202E+00       1.000       0.000       0.000       0.000       0.000       0.000    150.0358276      2.3168044    -360.000
      -2.000       0.000      -2.000       0.000     234.233    6.32265E+00    5.57110E+00       1.000       0.000       0.000       0.000       0.000       0.000    150.0358276      2.3168044    -350.000
      -2.000       0.000      -2.000       0.000     234.225    3.14686E+00    5.59279E+00       1.000       0.000       0.000       0.000       0.000       0.000    150.0358276      2.3168044    -340.000
      -2.000       0.000      -2.000       0.000     234.218    7.77435E+00    5.51026E+00       1.000       0.000       0.000       0.000       0.000       0.000    150.0358276      2.3168044    -330.000
      -2.000       0.000      -2.000       0.000     234.210    5.62218E+00    5.45246E+00       1.000       0.000       0.000       0.000       0.000       0.000    150.0358276      2.3168044    -320.000
      -2.000       0.000      -2.000       0.000     234.202    2.97593E+00    5.55487E+00       1.000       0.000       0.000       0.000       0.000       0.000    150.0358276      2.3168044    -310.000
      -2.000       0.000      -2.000       0.000     234.194    1.57609E+00    5.50512E+00       1.000       0.000       0.000       0.000       0.000       0.000    150.0358276      2.3168044    -300.000
      -2.000       0.000      -2.000       0.000     234.186   -7.74910E+00    5.59352E+00       1.000       0.000       0.000       0.000       0.000       0.000    150.0358276      2.3168044    -290.000
      -2.000       0.000      -2.000       0.000     234.179    1.85818E+00    5.48548E+00       1.000       0.000       0.000       0.000       0.000       0.000    150.0358276      2.3168044    -280.000
      -2.000       0.000      -2.000       0.000     234.171   -8.24847E+00    5.47720E+00       1.000       0.000       0.000       0.000       0.000       0.000    150.0358276      2.3168044    -270.000
      -2.000       0.000      -2.000       0.000     234.163    2.16438E+00    5.38373E+00       1.000       0.000       0.000       0.000       0.000       0.000    150.0358276      2.3168044    -260.000
      -2.000       0.000      -2.000       0.000     234.155   -8.65656E+00    5.46452E+00       1.000       0.000       0.000       0.000       0.000       0.000    150.0358276      2.3168044    -250.000
      -2.000       0.000      -2.000       0.000     234.147   -2.31015E+00    5.52648E+00       1.000       0.000       0.000       0.000       0.000       0.000    150.0358276      2.3168044    -240.000
      -2.000       0.000      -2.000       0.000     234.139   -1.20955E+01    5.51363E+00       1.000       0.000       0.000       0.000       0.000       0.000    150.0358276      2.3168044    -230.000
      -2.000       0.000      -2.000       0.000     234.132   -3.08064E-01    5.53944E+00       1.000       0.000       0.000       0.000       0.000       0.000    150.0358276      2.3168044    -220.000
      -2.000       0.000      -2.000       0.000     234.124   -4.60300E+00    5.38028E+00       1.000       0.000       0.000       0.000       0.000       0.000    150.0358276      2.3168044    -210.000
      -2.000       0.000      -2.000       0.000     234.116   -4.63577E-01    5.44815E+00       1.000       0.000       0.000       0.000       0.000       0.000    150.0358276      2.3168044    -200.000
      -2.000       0.000      -2.000       0.000     234.108    6.52059E+00    5.34691E+00       1.000       0.000       0.000       0.000       0.000       0.000    150.0358276      2.3168044    -190.000
      -2.000       0.000      -2.000       0.000     234.100    1.86439E+00    5.31666E+00       1.000       0.000       0.000       0.000       0.000       0.000    150.0358276      2.3168044    -180.000
      -2.000       0.000      -2.000       0.000     234.093    5.45346E+00    5.49031E+00       1.000       0.000       0.000       0.000       0.000       0.000    150.0358276      2.3168044    -170.000
      -2.000       0.000      -2.000       0.000     234.085   -2.71479E+00    5.47919E+00       1.000       0.000       0.000       0.000       0.000       0.000    150.0358276      2.3168044    -160.000
      -2.000       0.000      -2.000       0.000     234.077    2.60207E+00    5.47663E+00       1.000       0.000       0.000       0.000       0.000       0.000    150.0358276      2.3168044    -150.000
      -2.000       0.000      -2.000       0.000     234.069   -3.13360E-02    5.52295E+00       1.000       0.000       0.000       0.000       0.000       0.000    150.0358276      2.3168044    -140.000
      -2.000       0.000      -2.000       0.000     234.061   -8.22097E+00    5.49077E+00       1.000       0.000       0.000       0.000       0.000       0.000    150.0358276      2.3168044    -130.000
      -2.000       0.000      -2.000       0.000     234.054   -6.21565E+00    5.54443E+00       1.000       0.000       0.000       0.000       0.000       0.000    150.0358276      2.3168044    -120.000
      -2.000       0.000      -2.000       0.000     234.046    4.65453E+00    5.44937E+00       1.000       0.000       0.000       0.000       0.000       0.000    150.0358276      2.3168044    -110.000
      -2.000       0.000      -2.000       0.000     234.038    1.40755E+00    5.41099E+00       1.000       0.000       0.000       0.000       0.000       0.000    150.0358276      2.3168044    -100.000
      -2.000       0.000      -2.000       0.000     234.030   -6.50497E+00    5.31241E+00       1.000       0.000       0.000       0.000       0.000       0.000    150.0358276      2.3168044     -90.000
      -2.000       0.000      -2.000       0.000     234.022   -8.91848E+00    5.49697E+00       1.000       0.000       0.000       0.000       0.000       0.000    150.0358276      2.3168044     -80.000
      -2.000       0.000      -2.000       0.000     234.015   -8.01224E+00    5.58155E+00       1.000       0.000       0.000       0.000       0.000       0.000    150.0358276      2.3168044     -70.000
      -2.000       0.000      -2.000       0.000     234.007   -8.80367E-01    5.60655E+00       1.000       0.000       0.000       0.000       0.000       0.000    150.0358276      2.3168044     -60.000
      -2.000       0.000      -2.000       0.000     233.999    3.60863E+00    5.68930E+00       1.000       0.000       0.000       0.000       0.000       0.000    150.0358276      2.3168044     -50.000
      -2.000       0.000      -2.000       0.000     233.991    8.51705E+00    5.72440E+00       1.000       0.000       0.000       0.000       0.000       0.000    150.0358276      2.3168044     -40.000
      -2.000       0.000      -2.000       0.000     233.983    1.15985E+00    5.72274E+00       1.000       0.000       0.000       0.000       0.000       0.000    150.0358276      2.3168044     -30.000
      -2.000       0.000      -2.000       0.000     233.976   -5.58711E+00    5.83597E+00       1.000       0.000       0.000       0.000       0.000       0.000    150.0358276      2.3168044     -20.000
      -2.000       0.000      -2.000       0.000     233.968   -4.58926E+00    5.69948E+00       1.000       0.000       0.000       0.000       0.000       0.000    150.0358276      2.3168044     -10.000
      -2.000       0.000      -2.000       0.000     233.960   -7.07704E+00    5.96088E+00       1.000       0.000       0.000       0.000       0.000       0.000    150.0358276      2.3168044       0.000
      -2.000       0.000      -2.000       0.000     233.952    6.62432E+00    5.80271E+00       1.000       0.000       0.000       0.000       0.000       0.000    150.0358276      2.3168044      10.000
      -2.000       0.000      -2.000       0.000     233.944    4.04929E+00    5.66887E+00       1.000       0.000       0.000       0.000       0.000       0.000    150.0358276      2.3168044      20.000
      -2.000       0.000      -2.000       0.000     233.937    1.18003E+00    5.82616E+00       1.000       0.000       0.000       0.000       0.000       0.000    150.0358276      2.3168044      30.000
      -2.000       0.000      -2.000       0.000     233.929    4.83600E+00    6.43735E+00       1.000       0.000       0.000       0.000       0.000       0.000    150.0358276      2.3168044      40.000
      -2.000       0.000      -2.000       0.000     233.921    1.23571E+00    5.83030E+00       1.000       0.000       0.000       0.000       0.000       0.000    150.0358276      2.3168044      50.000
      -2.000       0.000      -2.000       0.000     233.913    3.43682E+00    5.84357E+00       1.000       0.000       0.000       0.000       0.000       0.000    150.0358276      2.3168044      60.000
      -2.000       0.000      -2.000       0.000     233.905    3.66979E+00    5.68155E+00       1.000       0.000       0.000       0.000       0.000       0.000    150.0358276      2.3168044      70.000
      -2.000       0.000      -2.000       0.000     233.898   -1.58271E-01    5.74180E+00       1.000       0.000       0.000       0.000       0.000       0.000    150.0358276      2.3168044      80.000
      -2.000       0.000      -2.000       0.000     233.890    4.03133E+00    5.60075E+00       1.000       0.000       0.000       0.000       0.000       0.000    150.0358276      2.3168044      90.000
      -2.000       0.000      -2.000       0.000     233.882    7.62336E+00    5.75855E+00       1.000       0.000       0.000       0.000       0.000       0.000    150.0358276      2.3168044     100.000
      -2.000       0.000      -2.000       0.000     233.874    6.56080E+00    5.75187E+00       1.000       0.000       0.000       0.000       0.000       0.000    150.0358276      2.3168044     110.000
      -2.000       0.000      -2.000       0.000     233.866    2.11445E+00    5.64800E+00       1.000       0.000       0.000       0.000       0.000       0.000    150.0358276      2.3168044     120.000
      -2.000       0.000      -2.000       0.000     233.859    4.27587E+00    5.60682E+00       1.000       0.000       0.000       0.000       0.000       0.000    150.0358276      2.3168044     130.000
      -2.000       0.000      -2.000       0.000     233.851    4.32938E+00    5.60160E+00       1.000       0.000       0.000       0.000       0.000       0.000    150.0358276      2.3168044     140.000
      -2.000       0.000      -2.000       0.000     233.843   -6.37722E+00    5.64047E+00       1.000       0.000       0.000       0.000       0.000       0.000    150.0358276      2.3168044     150.000
      -2.000       0.000      -2.000       0.000     233.835   -3.98387E+00    5.55915E+00       1.000       0.000       0.000       0.000       0.000       0.000    150.0358276      2.3168044     160.000
      -2.000       0.000      -2.000       0.000     233.827   -1.06766E+01    5.51255E+00       1.000       0.000       0.000       0.000       0.000       0.000    150.0358276      2.3168044     170.000
      -2.000       0.000      -2.000       0.000     233.820   -7.31980E+00    5.45303E+00       1.000       0.000       0.000       0.000       0.000       0.000    150.0358276      2.3168044     180.000
      -2.000       0.000      -2.000       0.000     233.812   -5.17186E+00    5.63861E+00       1.000       0.000       0.000       0.000       0.000       0.000    150.0358276      2.3168044     190.000
      -2.000       0.000      -2.000       0.000     233.804   -5.05850E+00    5.48778E+00       1.000       0.000       0.000       0.000       0.000       0.000    150.0358276      2.3168044     200.000
      -2.000       0.000      -2.000       0.000     233.796    6.01117E+00    5.52678E+00       1.000       0.000       0.000       0.000       0.000       0.000    150.0358276      2.3168044     210.000
      -2.000       0.000      -2.000       0.000     233.788   -7.45084E+00    5.52408E+00       1.000       0.000       0.000       0.000       0.000       0.000    150.0358276      2.3168044     220.000
      -2.000       0.000      -2.000       0.000     233.781    5.30258E+00    5.42838E+00       1.000       0.000       0.000       0.000       0.000       0.000    150.0358276      2.3168044     230.000
      -2.000       0.000      -2.000       0.000     233.773    2.61603E+00    5.51629E+00       1.000       0.000       0.000       0.000       0.000       0.000    150.0358276      2.3168044     240.000
      -2.000       0.000      -2.000       0.000     233.765   -1.13535E+00    5.60265E+00       1.000       0.000       0.000       0.000       0.000       0.000    150.0358276      2.3168044     250.000
      -2.000       0.000      -2.000       0.000     233.757    3.77637E+00    5.45808E+00       1.000       0.000       0.000       0.000       0.000       0.000    150.0358276      2.3168044     260.000
      -2.000       0.000      -2.000       0.000     233.749   -1.11932E+01    5.46209E+00       1.000       0.000       0.000       0.000       0.000       0.000    150.0358276      2.3168044     270.000
      -2.000       0.000      -2.000       0.000     233.741    3.08261E+00    5.62301E+00       1.000       0.000       0.000       0.000       0.000       0.000    150.0358276      2.3168044     280.000
      -2.000       0.000      -2.000       0.000     233.734    4.62016E+00    5.55440E+00       1.000       0.000       0.000       0.000       0.000       0.000    150.0358276      2.3168044     290.000
      -2.000       0.000      -2.000       0.000     233.726   -2.41062E-01    5.49244E+00       1.000       0.000       0.000       0.000       0.000       0.000    150.0358276      2.3168044     300.000
      -2.000       0.000      -2.000       0.000     233.718    5.34985E-01    5.42345E+00       1.000       0.000       0.000       0.000       0.000       0.000    150.0358276      2.3168044     310.000
      -2.000       0.000      -2.000       0.000     233.710    8.34779E+00    5.50634E+00       1.000       0.000       0.000       0.000       0.000       0.000    150.0358276      2.3168044     320.000
      -2.000       0.000      -2.000       0.000     233.702    9.25077E-01    5.39663E+00       1.000       0.000       0.000       0.000       0.000       0.000    150.0358276      2.3168044     330.000
      -2.000       0.000      -2.000       0.000     233.695   -8.79675E+00    5.47167E+00       1.000       0.000       0.000       0.000       0.000       0.000    150.0358276      2.3168044     340.000
      -2.000       0.000      -2.000       0.000     233.687    1.54484E+01    5.51593E+00       1.000       0.000       0.000       0.000       0.000       0.000    150.0358276      2.3168044     350.000
      -2.000       0.000      -2.000       0.000     233.679    2.06353E-01    5.26910E+00       1.000       0.000       0.000       0.000       0.000       0.000    150.0358276      2.3168044     360.000
      -2.000       0.000      -2.000       0.000     233.671   -6.22439E+00    5.30407E+00       1.000       0.000       0.000       0.000       0.000       0.000    150.0358276      2.3168044     370.000
      -2.000       0.000      -2.000       0.000     233.663   -5.54917E+00    5.50124E+00       1.000       0.000       0.000       0.000       0.000       0.000    150.0358276      2.3168044     380.000
      -2.000       0.000      -2.000       0.000     233.656    4.18859E-01    5.35109E+00       1.000       0.000       0.000       0.000       0.000       0.000    150.0358276      2.3168044     390.000
      -2.000       0.000      -2.000       0.000     233.648   -3.45428E+00    5.21712E+00       1.000       0.000       0.000       0.000       0.000       0.000    150.0358276      2.3168044     400.000
      -2.000       0.000      -2.000       0.000     233.640    1.86072E+00    5.31462E+00       1.000       0.000       0.000       0.000       0.000       0.000    150.0358276      2.3168044     410.000
      -2.000       0.000      -2.000       0.000     233.632   -8.52026E+00    5.38918E+00       1.000       0.000       0.000       0.000       0.000       0.000    150.0358276      2.3168044     420.000
      -2.000       0.000      -2.000       0.000     233.624   -5.66750E+00    5.34926E+00       1.000       0.000       0.000       0.000       0.000       0.000    150.0358276      2.3168044     430.000
      -2.000       0.000      -2.000       0.000     233.617   -2.06443E+00    5.33721E+00       1.000       0.000       0.000       0.000       0.000       0.000    150.0358276      2.3168044     440.000
      -2.000       0.000      -2.000       0.000     233.609   -1.67054E-01    5.39154E+00       1.000       0.000       0.000       0.000       0.000       0.000    150.0358276      2.3168044     450.000
      -2.000       0.000      -2.000       0.000     233.601   -1.72069E-01    5.18798E+00       1.000       0.000       0.000       0.000       0.000       0.000    150.0358276      2.3168044     460.000
      -2.000       0.000      -2.000       0.000     233.593   -1.20718E+01    5.40105E+00       1.000       0.000       0.000       0.000       0.000       0.000    150.0358276      2.3168044     470.000
      -2.000       0.000      -2.000       0.000     233.585   -7.30881E+00    5.31552E+00       1.000       0.000       0.000       0.000       0.000       0.000    150.0358276      2.3168044     480.000
      -2.000       0.000      -2.000       0.000     233.578    2.89672E+00    5.29288E+00       1.000       0.000       0.000       0.000       0.000       0.000    150.0358276      2.3168044     490.000
      -2.000       0.000      -2.000       0.000     233.570    3.72995E+00    5.35460E+00       1.000       0.000       0.000       0.000       0.000       0.000    150.0358276      2.3168044     500.000
      -2.000       0.000      -2.000       0.000     233.562    2.28517E-01    5.40979E+00       1.000       0.000       0.000       0.000       0.000       0.000    150.0358276      2.3168044     510.000
      -2.000       0.000      -2.000       0.000     233.554   -4.32177E+00    5.12620E+00       1.000       0.000       0.000       0.000       0.000       0.000    150.0358276      2.3168044     520.000
      -2.000       0.000      -2.000       0.000     233.546    2.41064E+00    5.37403E+00       1.000       0.000       0.000       0.000       0.000       0.000    150.0358276      2.3168044     530.000
      -2.000       0.000      -2.000       0.000     233.539   -2.86699E+00    5.45363E+00       1.000       0.000       0.000       0.000       0.000       0.000    150.0358276      2.3168044     540.000
      -2.000       0.000      -2.000       0.000     233.531    3.87125E+00    5.34503E+00       1.000       0.000       0.000       0.000       0.000       0.000    150.0358276      2.3168044     550.000
      -2.000       0.000      -2.000       0.000     233.523    1.33598E+01    5.36422E+00       1.000       0.000       0.000       0.000       0.000       0.000    150.0358276      2.3168044     560.000
      -2.000       0.000      -2.000       0.000     233.515    4.29210E-01    5.48886E+00       1.000       0.000       0.000       0.000       0.000       0.000    150.0358276      2.3168044     570.000
      -2.000       0.000      -2.000       0.000     233.507   -1.76530E+01    5.59979E+00       1.000       0.000       0.000       0.000       0.000       0.000    150.0358276      2.3168044     580.000
      -2.000       0.000      -2.000       0.000     233.500    1.96671E+00    5.48856E+00       1.000       0.000       0.000       0.000       0.000       0.000    150.0358276      2.3168044     590.000
      -2.000       0.000      -2.000       0.000     233.492    4.02822E+00    5.55100E+00       1.000       0.000       0.000       0.000       0.000       0.000    150.0358276      2.3168044     600.000
      -2.000       0.000      -2.000       0.000     233.484   -1.51999E+00    5.41109E+00       1.000       0.000       0.000       0.000       0.000       0.000    150.0358276      2.3168044     610.000
      -2.000       0.000      -2.000       0.000     233.476   -1.29324E+00    5.50713E+00       1.000       0.000       0.000       0.000       0.000       0.000    150.0358276      2.3168044     620.000
      -2.000       0.000      -2.000       0.000     233.468   -2.79019E+00    5.51749E+00       1.000       0.000       0.000       0.000       0.000       0.000    150.0358276      2.3168044     630.000
      -2.000       0.000      -2.000       0.000     233.461   -1.73694E+00    5.38995E+00       1.000       0.000       0.000       0.000       0.000       0.000    150.0358276      2.3168044     640.000
      -2.000       0.000      -2.000       0.000     233.453    2.89550E+00    5.34289E+00       1.000       0.000       0.000       0.000       0.000       0.000    150.0358276      2.3168044     650.000
      -2.000       0.000      -2.000       0.000     233.445    6.16749E+00    5.47654E+00       1.000       0.000       0.000       0.000       0.000       0.000    150.0358276      2.3168044     660.000
      -2.000       0.000      -2.000       0.000     233.437    4.97128E+00    5.54900E+00       1.000       0.000       0.000       0.000       0.000       0.000    150.0358276      2.3168044     670.000
      -2.000       0.000      -2.000       0.000     233.429    1.12764E+01    5.46074E+00       1.000       0.000       0.000       0.000       0.000       0.000    150.0358276      2.3168044     680.000
      -2.000       0.000      -2.000       0.000     233.422    3.96075E+00    5.46427E+00       1.000       0.000       0.000       0.000       0.000       0.000    150.0358276      2.3168044     690.000
      -2.000       0.000      -2.000       0.000     233.414    4.51194E+00    5.31978E+00       1.000       0.000       0.000       0.000       0.000       0.000    150.0358276      2.3168044     700.000
      -2.000       0.000      -2.000       0.000     233.406   -1.00954E+01    5.31414E+00       1.000       0.000       0.000       0.000       0.000       0.000    150.0358276      2.3168044     710.000
      -2.000       0.000      -2.000       0.000     233.398    6.69986E-01    5.52170E+00       1.000       0.000       0.000       0.000       0.000       0.000    150.0358276      2.3168044     720.000
      -2.000       0.000      -2.000       0.000     233.390   -8.86897E-02    5.34732E+00       1.000       0.000       0.000       0.000       0.000       0.000    150.0358276      2.3168044     730.000
      -2.000       0.000      -2.000       0.000     233.383    1.42998E+00    5.46723E+00       1.000       0.000       0.000       0.000       0.000       0.000    150.0358276      2.3168044     740.000
      -2.000       0.000      -2.000       0.000     233.375    6.40380E+00    5.56542E+00       1.000       0.000       0.000       0.000       0.000       0.000    150.0358276      2.3168044     750.000
      -2.000       0.000      -2.000       0.000     233.367    5.12854E+00    5.56246E+00       1.000       0.000       0.000       0.000       0.000       0.000    150.0358276      2.3168044     760.000
      -2.000       0.000      -2.000       0.000     233.359    3.64577E+00    5.43524E+00       1.000       0.000       0.000       0.000       0.000       0.000    150.0358276      2.3168044     770.000
      -2.000       0.000      -2.000       0.000     233.351   -4.73621E-01    5.40940E+00       1.000       0.000       0.000       0.000       0.000       0.000    150.0358276      2.3168044     780.000
      -2.000       0.000      -2.000       0.000     233.343    8.63026E+00    5.53273E+00       1.000       0.000       0.000       0.000       0.000       0.000    150.0358276      2.3168044     790.000
      -2.000       0.000      -2.000       0.000     233.336   -2.45756E+00    5.53128E+00       1.000       0.000       0.000       0.000       0.000       0.000    150.0358276      2.3168044     800.000
      -2.000       0.000      -2.000       0.000     233.328   -3.36220E-01    5.63298E+00       1.000       0.000       0.000       0.000       0.000       0.000    150.0358276      2.3168044     810.000
      -2.000       0.000      -2.000       0.000     233.320    4.19834E+00    5.57154E+00       1.000       0.000       0.000       0.000       0.000       0.000    150.0358276      2.3168044     820.000
      -2.000       0.000      -2.000       0.000     233.312   -2.21730E-01    5.46846E+00       1.000       0.000       0.000       0.000       0.000       0.000    150.0358276      2.3168044     830.000
      -2.000       0.000      -2.000       0.000     233.304    2.37830E+00    5.57923E+00       1.000       0.000       0.000       0.000       0.000       0.000    150.0358276      2.3168044     840.000
      -2.000       0.000      -2.000       0.000     233.297   -5.23940E+00    5.60827E+00       1.000       0.000       0.000       0.000       0.000       0.000    150.0358276      2.3168044     850.000
      -2.000       0.000      -2.000       0.000     233.289   -1.20345E+01    5.52156E+00       1.000       0.000       0.000       0.000       0.000       0.000    150.0358276      2.3168044     860.000
      -2.000       0.000      -2.000       0.000     233.281   -1.54406E+01    5.62650E+00       1.000       0.000       0.000       0.000       0.000       0.000    150.0358276      2.3168044     870.000
      -2.000       0.000      -2.000       0.000     233.273   -3.32522E+00    5.69070E+00       1.000       0.000       0.000       0.000       0.000       0.000    150.0358276      2.3168044     880.000
      -2.000       0.000      -2.000       0.000     233.265   -4.36573E+00    5.64235E+00       1.000       0.000       0.000       0.000       0.000       0.000    150.0358276      2.3168044     890.000
      -2.000       0.000      -2.000       0.000     233.258    2.01217E+00    5.55706E+00       1.000       0.000       0.000       0.000       0.000       0.000    150.0358276      2.3168044     900.000
      -2.000       0.000      -2.000       0.000     233.250   -1.34343E+01    5.74600E+00       1.000       0.000       0.000       0.000       0.000       0.000    150.0358276      2.3168044     910.000
      -2.000       0.000      -2.000       0.000     233.242   -8.47221E-01    5.76401E+00       1.000       0.000       0.000       0.000       0.000       0.000    150.0358276      2.3168044     920.000
      -2.000       0.000      -2.000       0.000     233.234    7.05167E-01    5.76740E+00       1.000       0.000       0.000       0.000       0.000       0.000    150.0358276      2.3168044     930.000
      -2.000       0.000      -2.000       0.000     233.226   -4.02875E+00    5.80333E+00       1.000       0.000       0.000       0.000       0.000       0.000    150.0358276      2.3168044     940.000
      -2.000       0.000      -2.000       0.000     233.219   -2.96102E+00    5.82474E+00       1.000       0.000       0.000       0.000       0.000       0.000    150.0358276      2.3168044     950.000
      -2.000       0.000      -2.000       0.000     233.211   -5.48192E+00    5.76751E+00       1.000       0.000       0.000       0.000       0.000       0.000    150.0358276      2.3168044     960.000
      -2.000       0.000      -2.000       0.000     233.203   -2.16783E-01    5.77508E+00       1.000       0.000       0.000       0.000       0.000       0.000    150.0358276      2.3168044     970.000
      -2.000       0.000      -2.000       0.000     233.195    1.23690E+00    5.74219E+00       1.000       0.000       0.000       0.000       0.000       0.000    150.0358276      2.3168044     980.000
      -2.000       0.000      -2.000       0.000     233.187   -2.35397E+00    5.84275E+00       1.000       0.000       0.000       0.000       0.000       0.000    150.0358276      2.3168044     990.000
